0.00 0.00 495 -7.58
1.00 0.00 490 -7.58
1.00 0.00 490 -7.58
2.00 0.00 489 -7.58
2.00 0.00 490 -7.58
3.00 0.00 489 -7.58
3.00 0.00 490 -7.58
4.00 0.00 489 -7.58
4.00 0.00 489 -7.58
5.00 0.00 489 -7.58
5.00 0.00 489 -7.58
6.00 0.00 489 -7.58
6.00 0.00 490 -7.58
7.00 0.00 490 -7.58
7.00 0.00 490 -7.58
8.00 0.00 489 -7.58
8.00 0.00 490 -7.58
9.00 0.00 488 -7.58
9.00 0.00 488 -7.58
10.00 0.00 488 -7.58
10.00 0.00 489 -7.58
11.00 0.00 489 -7.58
11.00 0.00 489 -7.58
12.00 0.00 490 -7.58
12.00 0.00 490 -7.58
13.00 0.00 490 -7.58
13.00 0.00 490 -7.58
14.00 0.00 489 -7.58
14.00 0.00 490 -7.58
15.00 9.87 490 -7.58
15.00 19.50 485 -7.58
16.00 24.18 498 -7.58
16.00 24.06 458 -7.58
17.00 24.06 493 -7.58
17.00 24.06 404 -22.73
18.00 28.99 386 -22.73
18.00 38.74 409 -22.73
19.00 48.36 357 -22.73
19.00 57.98 294 -22.73
20.00 67.61 289 -22.73
20.00 77.23 241 -22.73
21.00 86.85 303 -22.73
21.00 91.54 248 -22.73
22.00 101.28 142 -37.88
22.00 110.91 243 -22.73
23.00 120.53 58 -37.88
23.00 130.15 58 -37.88
24.00 139.77 156 -37.88
24.00 149.39 58 -37.88
25.00 159.02 58 -37.88
25.00 138.52 500 -7.58
26.00 78.32 447 -7.58
26.00 49.26 447 -7.58
27.00 39.67 534 -7.58
27.00 29.56 521 -7.58
28.00 29.83 434 -7.58
28.00 29.83 465 -7.58
29.00 39.70 358 -22.73
29.00 49.32 289 -22.73
30.00 39.20 490 -7.58
30.00 39.45 491 -7.58
31.00 39.45 491 -7.58
31.00 39.45 491 -7.58
32.00 39.45 490 -7.58
32.00 39.45 490 -7.58
33.00 39.45 491 -7.58
33.00 39.45 491 -7.58
34.00 34.51 491 -7.58
34.00 29.70 490 -7.58
35.00 29.83 491 -7.58
35.00 29.83 490 -7.58
36.00 29.83 489 -7.58
36.00 29.83 491 -7.58
37.00 29.83 490 -7.58
37.00 29.83 490 -7.58
38.00 29.83 489 -7.58
38.00 29.83 491 -7.58
39.00 29.83 490 -7.58
39.00 29.83 491 -7.58
40.00 29.83 490 -7.58
40.00 29.83 490 -7.58
41.00 29.83 490 -7.58
41.00 29.83 490 -7.58
42.00 29.83 490 -7.58
42.00 29.83 490 -7.58
43.00 29.83 490 -7.58
43.00 29.83 490 -7.58
44.00 29.83 490 -7.58
44.00 29.83 490 -7.58
45.00 39.70 490 -7.58
45.00 34.02 462 -7.58
46.00 28.73 514 -7.58
46.00 23.44 448 -7.58
47.00 28.51 434 -7.58
47.00 33.32 427 -7.58
48.00 43.07 329 -22.73
48.00 47.75 376 -22.73
49.00 57.50 397 -22.73
49.00 62.19 217 -22.73
50.00 71.94 285 -22.73
50.00 81.56 196 -37.88
51.00 91.18 195 -37.88
51.00 100.80 144 -37.88
52.00 110.42 243 -22.73
52.00 120.05 63 -37.88
53.00 129.67 58 -37.88
53.00 139.29 174 -37.88
54.00 148.91 58 -37.88
54.00 153.60 58 -37.88
55.00 163.35 58 -37.88
55.00 172.97 74 -37.88
56.00 182.59 58 -37.88
56.00 192.21 58 -37.88
57.00 201.83 58 -37.88
57.00 211.46 58 -37.88
58.00 221.08 58 -37.88
58.00 230.70 58 -37.88
59.00 240.32 58 -37.88
59.00 249.94 58 -37.88
60.00 249.69 488 -7.58
60.00 249.69 490 -7.58
61.00 249.69 489 -7.58
61.00 249.69 489 -7.58
62.00 249.69 491 -7.58
62.00 249.69 491 -7.58
63.00 249.69 491 -7.58
63.00 249.69 493 -7.58
64.00 249.69 493 -7.58
64.00 249.69 492 -7.58
65.00 249.69 491 -7.58
65.00 249.69 493 -7.58
66.00 249.69 493 -7.58
66.00 249.69 492 -7.58
67.00 249.69 493 -7.58
67.00 249.69 493 -7.58
68.00 249.69 492 -7.58
68.00 249.69 491 -7.58
69.00 249.69 493 -7.58
69.00 249.69 494 -7.58
70.00 249.69 494 -7.58
70.00 249.69 493 -7.58
71.00 244.76 491 -7.58
71.00 244.88 492 -7.58
72.00 244.88 493 -7.58
72.00 244.88 492 -7.58
73.00 244.88 493 -7.58
73.00 244.88 493 -7.58
74.00 244.88 492 -7.58
74.00 244.88 494 -7.58
75.00 254.76 493 -7.58
75.00 153.80 470 -7.58
76.00 85.77 415 -7.58
76.00 52.02 518 -7.58
77.00 42.55 464 -7.58
77.00 32.45 512 -7.58
78.00 22.35 511 -7.58
78.00 22.61 459 -7.58
79.00 27.55 494 -7.58
79.00 21.99 419 -7.58
80.00 22.13 447 -7.58
80.00 27.07 489 -7.58
81.00 21.51 474 -7.58
81.00 21.65 478 -7.58
82.00 26.59 451 -7.58
82.00 31.40 429 -7.58
83.00 41.14 376 -22.73
83.00 50.77 383 -22.73
84.00 60.39 361 -22.73
84.00 70.01 244 -22.73
85.00 79.63 304 -22.73
85.00 89.26 169 -37.88
86.00 98.88 166 -37.88
86.00 108.50 185 -37.88
87.00 113.19 101 -37.88
87.00 122.93 157 -37.88
88.00 127.62 111 -37.88
88.00 137.37 117 -37.88
89.00 146.99 58 -37.88
89.00 156.61 58 -37.88
90.00 156.36 490 -7.58
90.00 156.36 491 -7.58
91.00 156.36 490 -7.58
91.00 156.36 493 -7.58
92.00 156.36 492 -7.58
92.00 156.36 492 -7.58
93.00 156.36 492 -7.58
93.00 156.36 491 -7.58
94.00 156.36 492 -7.58
94.00 156.36 492 -7.58
95.00 156.36 493 -7.58
95.00 156.36 493 -7.58
96.00 156.36 491 -7.58
96.00 156.36 492 -7.58
97.00 156.36 492 -7.58
97.00 156.36 492 -7.58
98.00 156.36 493 -7.58
98.00 156.36 493 -7.58
99.00 156.36 492 -7.58
99.00 156.36 492 -7.58
100.00 156.36 492 -7.58
100.00 156.36 493 -7.58
101.00 156.36 493 -7.58
101.00 156.36 493 -7.58
102.00 156.36 492 -7.58
102.00 156.36 492 -7.58
103.00 156.36 492 -7.58
103.00 156.36 492 -7.58
104.00 156.36 493 -7.58
104.00 156.36 492 -7.58
105.00 166.23 491 -7.58
105.00 95.39 482 -7.58
106.00 56.70 433 -7.58
106.00 42.43 463 -7.58
107.00 32.45 467 -7.58
107.00 27.28 460 -7.58
108.00 37.30 439 -7.58
108.00 41.98 338 -22.73
109.00 51.73 307 -22.73
109.00 61.35 337 -22.73
110.00 66.04 200 -37.88
110.00 75.78 304 -22.73
111.00 85.41 272 -22.73
111.00 95.03 175 -37.88
112.00 104.65 203 -37.88
112.00 114.27 199 -37.88
113.00 123.90 117 -37.88
113.00 133.52 58 -37.88
114.00 143.14 116 -37.88
114.00 152.76 58 -37.88
115.00 162.38 58 -37.88
115.00 172.01 108 -37.88
116.00 181.63 58 -37.88
116.00 191.25 74 -37.88
117.00 200.87 58 -37.88
117.00 210.49 58 -37.88
118.00 210.24 261 -22.73
118.00 119.41 476 -7.58
119.00 71.37 545 -7.58
119.00 52.41 450 -7.58
120.00 32.68 491 -7.58
120.00 33.20 493 -7.58
121.00 33.20 493 -7.58
121.00 33.20 494 -7.58
122.00 33.20 494 -7.58
122.00 33.20 494 -7.58