0.00 0.00 0.00 0.00 0.00 0.00 502 -7.58
1.00 0.00 0.00 0.00 0.00 0.00 503 -7.58
1.00 0.00 0.00 0.00 0.00 0.00 501 -7.58
2.00 0.00 0.00 0.00 0.00 0.00 503 -7.58
2.00 0.00 0.00 0.00 0.00 0.00 503 -7.58
3.00 0.00 0.00 0.00 0.00 0.00 502 -7.58
3.00 0.00 0.00 0.00 0.00 0.00 502 -7.58
4.00 0.00 0.00 0.00 0.00 0.00 503 -7.58
4.00 0.00 0.00 0.00 0.00 0.00 503 -7.58
5.00 0.00 0.00 0.00 0.00 0.00 503 -7.58
5.00 0.00 0.00 0.00 0.00 0.00 504 -7.58
6.00 0.00 0.00 0.00 0.00 0.00 502 -7.58
6.00 0.00 0.00 0.00 0.00 0.00 502 -7.58
7.00 0.00 0.00 0.00 0.00 0.00 503 -7.58
7.00 0.00 0.00 0.00 0.00 0.00 502 -7.58
8.00 0.00 0.00 0.00 0.00 0.00 501 -7.58
8.00 0.00 0.00 0.00 0.00 0.00 503 -7.58
9.00 0.00 0.00 0.00 0.00 0.00 503 -7.58
9.00 0.00 0.00 0.00 0.00 0.00 502 -7.58
10.00 0.00 0.00 0.00 0.00 0.00 502 -7.58
10.00 0.00 0.00 0.00 0.00 0.00 503 -7.58
11.00 0.00 0.00 0.00 0.00 0.00 503 -7.58
11.00 0.00 0.00 0.00 0.00 0.00 502 -7.58
12.00 0.00 0.00 0.00 0.00 0.00 502 -7.58
12.00 0.00 0.00 0.00 0.00 0.00 503 -7.58
13.00 0.00 0.00 0.00 0.00 0.00 502 -7.58
13.00 0.00 0.00 0.00 0.00 0.00 503 -7.58
14.00 0.00 0.00 0.00 0.00 0.00 503 -7.58
14.00 0.00 0.00 0.00 0.00 0.00 503 -7.58
15.00 0.00 0.00 0.00 0.00 0.00 502 -7.58
15.00 0.00 0.00 0.00 0.00 0.00 502 -7.58
16.00 0.00 0.00 0.00 0.00 0.00 502 -7.58
16.00 0.00 0.00 0.00 0.00 0.00 502 -7.58
17.00 0.00 0.00 0.00 0.00 0.00 502 -7.58
17.00 0.00 0.00 0.00 0.00 0.00 502 -7.58
18.00 0.00 0.00 0.00 0.00 0.00 503 -7.58
18.00 0.00 0.00 0.00 0.00 0.00 502 -7.58
19.00 0.00 0.00 0.00 0.00 0.00 503 -7.58
19.00 0.00 0.00 0.00 0.00 0.00 502 -7.58
20.00 0.00 0.00 0.00 0.00 0.00 502 -7.58
20.00 0.00 0.00 0.00 0.00 0.00 503 -7.58
21.00 0.00 0.00 0.00 0.00 0.00 503 -7.58
21.00 0.00 0.00 0.00 0.00 0.00 503 -7.58
22.00 0.00 0.00 0.00 0.00 0.00 501 -7.58
22.00 0.00 0.00 0.00 0.00 0.00 502 -7.58
23.00 0.00 0.00 0.00 0.00 0.00 502 -7.58
23.00 0.00 0.00 0.00 0.00 0.00 503 -7.58
24.00 0.00 0.00 0.00 0.00 0.00 502 -7.58
24.00 0.00 0.00 0.00 0.00 0.00 502 -7.58
25.00 112.00 0.00 0.00 112.00 0.00 503 -7.58
25.00 112.00 0.00 0.00 112.00 112.00 524 -7.58
26.00 112.00 0.00 0.00 112.00 112.00 441 -7.58
26.00 112.00 0.00 0.00 112.00 122.00 447 -7.58
27.00 112.00 0.00 0.00 112.00 122.00 529 -7.58
27.00 112.00 0.00 0.00 112.00 112.00 512 -7.58
28.00 112.00 0.00 0.00 112.00 122.00 358 -22.73
28.00 112.00 0.00 0.00 112.00 112.00 605 -7.58
29.00 112.00 0.00 0.00 112.00 122.00 382 -22.73
29.00 112.00 0.00 0.00 112.00 122.00 389 -22.73
30.00 112.00 0.00 0.00 112.00 112.00 582 -7.58
30.00 112.00 0.00 0.00 112.00 122.00 369 -22.73
31.00 112.00 0.00 0.00 112.00 112.00 530 -7.58
31.00 112.00 0.00 0.00 112.00 122.00 547 -7.58
32.00 112.00 0.00 0.00 112.00 112.00 499 -7.58
32.00 112.00 0.00 0.00 112.00 122.00 481 -7.58
33.00 112.00 0.00 0.00 112.00 112.00 513 -7.58
33.00 112.00 0.00 0.00 112.00 122.00 487 -7.58
34.00 112.00 0.00 0.00 112.00 112.00 383 -22.73
34.00 112.00 0.00 0.00 112.00 122.00 616 7.58
35.00 112.00 0.00 0.00 112.00 112.00 399 -22.73
35.00 112.00 0.00 0.00 112.00 122.00 385 -22.73
36.00 112.00 0.00 0.00 112.00 122.00 580 -7.58
36.00 112.00 0.00 0.00 112.00 112.00 372 -22.73
37.00 112.00 0.00 0.00 112.00 122.00 433 -7.58
37.00 112.00 0.00 0.00 112.00 112.00 421 -7.58
38.00 112.00 0.00 0.00 112.00 122.00 546 -7.58
38.00 112.00 0.00 0.00 112.00 112.00 513 -7.58
39.00 112.00 0.00 0.00 112.00 122.00 487 -7.58
39.00 112.00 0.00 0.00 112.00 112.00 489 -7.58
40.00 112.00 0.00 0.00 112.00 122.00 608 -7.58
40.00 112.00 0.00 0.00 112.00 112.00 387 -22.73
41.00 112.00 0.00 0.00 112.00 122.00 426 -7.58
41.00 112.00 0.00 0.00 112.00 112.00 565 -7.58
42.00 0.00 0.00 0.00 0.00 92.00 503 -7.58
42.00 0.00 0.00 0.00 0.00 31.00 502 -7.58
43.00 0.00 0.00 0.00 0.00 0.00 502 -7.58
43.00 0.00 0.00 0.00 0.00 0.00 502 -7.58
44.00 0.00 0.00 0.00 0.00 0.00 503 -7.58
44.00 0.00 0.00 0.00 0.00 0.00 501 -7.58
45.00 0.00 0.00 0.00 0.00 0.00 503 -7.58
45.00 0.00 0.00 0.00 0.00 0.00 503 -7.58
46.00 0.00 0.00 0.00 0.00 0.00 502 -7.58
46.00 0.00 0.00 0.00 0.00 0.00 503 -7.58
47.00 0.00 0.00 0.00 0.00 0.00 502 -7.58
47.00 0.00 0.00 0.00 0.00 0.00 503 -7.58
48.00 0.00 0.00 0.00 0.00 0.00 503 -7.58
48.00 0.00 0.00 0.00 0.00 0.00 501 -7.58
49.00 0.00 0.00 0.00 0.00 0.00 503 -7.58
49.00 0.00 0.00 0.00 0.00 0.00 503 -7.58
50.00 0.00 0.00 0.00 0.00 0.00 502 -7.58
50.00 0.00 0.00 0.00 0.00 0.00 503 -7.58
51.00 0.00 0.00 0.00 0.00 0.00 502 -7.58
51.00 0.00 0.00 0.00 0.00 0.00 503 -7.58
52.00 0.00 0.00 0.00 0.00 0.00 502 -7.58
52.00 0.00 0.00 0.00 0.00 0.00 503 -7.58
53.00 0.00 0.00 0.00 0.00 0.00 502 -7.58
53.00 0.00 0.00 0.00 0.00 0.00 502 -7.58
54.00 0.00 0.00 0.00 0.00 0.00 502 -7.58
54.00 0.00 0.00 0.00 0.00 0.00 503 -7.58
55.00 0.00 0.00 0.00 0.00 0.00 502 -7.58
55.00 0.00 0.00 0.00 0.00 0.00 502 -7.58
56.00 0.00 0.00 0.00 0.00 0.00 502 -7.58
56.00 0.00 0.00 0.00 0.00 0.00 501 -7.58
57.00 0.00 0.00 0.00 0.00 0.00 505 -7.58
57.00 0.00 0.00 0.00 0.00 0.00 503 -7.58
58.00 0.00 0.00 0.00 0.00 0.00 502 -7.58
58.00 0.00 0.00 0.00 0.00 0.00 503 -7.58
59.00 0.00 0.00 0.00 0.00 0.00 503 -7.58
59.00 0.00 0.00 0.00 0.00 0.00 503 -7.58
60.00 0.00 0.00 0.00 0.00 0.00 503 -7.58
60.00 0.00 0.00 0.00 0.00 0.00 502 -7.58
61.00 0.00 0.00 0.00 0.00 0.00 502 -7.58
61.00 0.00 0.00 0.00 0.00 0.00 503 -7.58
62.00 0.00 0.00 0.00 0.00 0.00 503 -7.58
62.00 0.00 0.00 0.00 0.00 0.00 503 -7.58
63.00 0.00 0.00 0.00 0.00 0.00 502 -7.58
63.00 0.00 0.00 0.00 0.00 0.00 502 -7.58
64.00 0.00 0.00 0.00 0.00 0.00 502 -7.58
64.00 0.00 0.00 0.00 0.00 0.00 503 -7.58
65.00 0.00 0.00 0.00 0.00 0.00 502 -7.58
65.00 0.00 0.00 0.00 0.00 0.00 502 -7.58
66.00 0.00 0.00 0.00 0.00 0.00 503 -7.58
66.00 112.00 0.00 0.00 112.00 0.00 501 -7.58
67.00 112.00 0.00 0.00 112.00 112.00 366 -22.73
67.00 112.00 0.00 0.00 112.00 112.00 544 -7.58
68.00 112.00 0.00 0.00 112.00 122.00 414 -7.58
68.00 112.00 0.00 0.00 112.00 122.00 404 -22.73
69.00 112.00 0.00 0.00 112.00 112.00 503 -7.58
69.00 112.00 0.00 0.00 112.00 122.00 465 -7.58
70.00 112.00 0.00 0.00 112.00 112.00 504 -7.58
70.00 112.00 0.00 0.00 112.00 122.00 437 -7.58
71.00 112.00 0.00 0.00 112.00 112.00 549 -7.58
71.00 112.00 0.00 0.00 112.00 122.00 447 -7.58
72.00 112.00 0.00 0.00 112.00 112.00 363 -22.73
72.00 112.00 0.00 0.00 112.00 122.00 397 -22.73
73.00 112.00 0.00 0.00 112.00 112.00 580 -7.58
73.00 112.00 0.00 0.00 112.00 122.00 374 -22.73
74.00 112.00 0.00 0.00 112.00 112.00 411 -7.58
74.00 112.00 0.00 0.00 112.00 122.00 554 -7.58
75.00 112.00 0.00 0.00 112.00 122.00 498 -7.58
75.00 112.00 0.00 0.00 112.00 112.00 476 -7.58
76.00 112.00 0.00 0.00 112.00 122.00 490 -7.58
76.00 112.00 0.00 0.00 112.00 112.00 479 -7.58
77.00 112.00 0.00 0.00 112.00 122.00 406 -22.73
77.00 112.00 0.00 0.00 112.00 112.00 605 -7.58
78.00 112.00 0.00 0.00 112.00 122.00 566 -7.58
78.00 112.00 0.00 0.00 112.00 112.00 389 -22.73
79.00 112.00 0.00 0.00 112.00 122.00 578 -7.58
79.00 112.00 0.00 0.00 112.00 112.00 379 -22.73
80.00 112.00 0.00 0.00 112.00 122.00 437 -7.58
80.00 112.00 0.00 0.00 112.00 112.00 525 -7.58
81.00 112.00 0.00 0.00 112.00 122.00 444 -7.58
81.00 112.00 0.00 0.00 112.00 112.00 535 -7.58
82.00 112.00 0.00 0.00 112.00 122.00 474 -7.58
82.00 112.00 0.00 0.00 112.00 112.00 512 -7.58
83.00 112.00 0.00 0.00 112.00 122.00 476 -7.58
83.00 0.00 0.00 0.00 0.00 102.00 503 -7.58
84.00 0.00 0.00 0.00 0.00 41.00 502 -7.58
84.00 0.00 0.00 0.00 0.00 0.00 503 -7.58
85.00 0.00 0.00 0.00 0.00 0.00 502 -7.58
85.00 0.00 0.00 0.00 0.00 0.00 502 -7.58
86.00 0.00 0.00 0.00 0.00 0.00 502 -7.58
86.00 0.00 0.00 0.00 0.00 0.00 503 -7.58
87.00 0.00 0.00 0.00 0.00 0.00 502 -7.58
87.00 0.00 0.00 0.00 0.00 0.00 502 -7.58
88.00 0.00 0.00 0.00 0.00 0.00 503 -7.58
88.00 0.00 0.00 0.00 0.00 0.00 502 -7.58
89.00 0.00 0.00 0.00 0.00 0.00 504 -7.58
89.00 0.00 0.00 0.00 0.00 0.00 503 -7.58
90.00 0.00 0.00 0.00 0.00 0.00 502 -7.58
90.00 0.00 0.00 0.00 0.00 0.00 502 -7.58
91.00 0.00 0.00 0.00 0.00 0.00 502 -7.58
91.00 0.00 0.00 0.00 0.00 0.00 502 -7.58
92.00 0.00 0.00 0.00 0.00 0.00 502 -7.58
92.00 0.00 0.00 0.00 0.00 0.00 501 -7.58
93.00 0.00 0.00 0.00 0.00 0.00 504 -7.58